33333333333333333333333333333333333333333333333333333333333333333333333333333333333333333333333333333333333333333333333333333333
30000000020000000000000000000000000000000000000000000000000000000000000000000000000000000000000000000000000000000000000000000003
30000000000000001110000000000000000000000000000000000000000000000000000000000000000000000000000000000000000000000000000000000003
30020020000000111111110000002000000000000000000000000000000000000000000000000000000000000000000000000000000000000000000000000003
30000000000011111111111000020002000000000000000000000000000000000000000000000000000000000000000000000000000000000000000000000003
30000000000001111111111110000220000000000000000000000000000000000000000000000000000000000000000000000000000000000000000000000003
30000000000000001111111100000020000000000000000000000000000000000000000000000000000000000000000000000000000000000000000000000003
30000000200000000000100000002000000000000000000000000000000000000000000000000000000000000000000000000000000000000000000000000003
30000000000000000002000000000000000000000000000000000000000000000000000000000000000000000000000000000000000000000000000000000003
30000000000000000000000000000000000000000000000000000000000000000000000000000000000000000000000000000000000000000000000000000003
30000000000000000000000000000000000000000000000000000000000000000000000000000000000000000000000000000000000000000000000000000003
30000000000000000000000000000000000000000000000000000000000000000000000000000000000000000000000000000000000000000000000000000003
30000000000000000000000000000000000000000000000000000000000000000000000000000000000000000000000000000000000000000000000000000003
30000000000000000000000000000000000000000000000000000000000000000000000000000000000000000000000000000000000000000000000000000003
30000000000000000000000000000000000000000000000000000000000000000000000000000000000000000000000000000000000000000000000000000003
30000000000000000000000000000000000000000000000000000000000000000000000000000000000000000000000000000000000000000000000000000003
30000000000000000000000000000000000000000000000000000000000000000000000000000000000000000000000000000000000000000000000000000003
30000000000000000000000000000000000000000000000000000000000000000000000000000000000000000000000000000000000000000000000000000003
30000000000000000000000000000000000000000000000000000000000000000000000000000000000000000000000000000000000000000000000000000003
30000000000000000000000000000000000000000000000000000000000000000000000000000000000000000000000000000000000000000000000000000003
30000000000000000000000000000000000000000000000000000000000000000000000000000000000000000000000000000000000000000000000000000003
30000000000000000000000000000000000000000000000000000000000000000000000000000000000000000000000000000000000000000000000000000003
30000000000000000000000000000000000000000000000000000000000000000000000000000000000000000000000000000000000000000000000000000003
30000000000000000000000000000000000000000000000000000000000000000000000000000000000000000000000000000000000000000000000000000003
30000000000000000000000000000000000000000000000000000000000000000000000000000000000000000000000000000000000000000000000000000003
30000000000000000000000000000000000000000000000000000000000000000000000000000000000000000000000000000000000000000000000000000003
30000000000000000000000000000000000000000000000000000000000000000000000000000000000000000000000000000000000000000000000000000003
30000000000000000000000000000000000000000000000000000000000000000000000000000000000000000000000000000000000000000000000000000003
30000000000000000000000000000000000000000000000000000000000000000000000000000000000000000000000000000000000000000000000000000003
30000000000000000000000000000000000000000000000000000000000000000000000000000000000000000000000000000000000000000000000000000003
30000000000000000000000000000000000000000000000000000000000000000000000000000000000000000000000000000000000000000000000000000003
30000000000000000000000000000000000000000000000000000000000000000000000000000000000000000000000000000000000000000000000000000003
30000000000000000000000000000000000000000000000000000000000000000000000000000000000000000000000000000000000000000000000000000003
30000000000000000000000000000000000000000000000000000000000000000000000000000000000000000000000000000000000000000000000000000003
30000000000000000000000000000000000000000000000000000000000000000000000000000000000000000000000000000000000000000000000000000003
30000000000000000000000000000000000000000000000000000000000000000000000000000000000000000000000000000000000000000000000000000003
30000000000000000000000000000000000000000000000000000000000000000000000000000000000000000000000000000000000000000000000000000003
30000000000000000000000000000000000000000000000000000000000000000000000000000000000000000000000000000000000000000000000000000003
30000000000000000000000000000000000000000000000000000000000000000000000000000000000000000000000000000000000000000000000000000003
30000000000000000000000000000000000000000000000000000000000000000000000000000000000000000000000000000000000000000000000000000003
30000000000000000000000000000000000000000000000000000000000000000000000000000000000000000000000000000000000000000000000000000003
30000000000000000000000000000000000000000000000000000000000000000000000000000000000000000000000000000000000000000000000000000003
30000000000000000000000000000000000000000000000000000000000000000000000000000000000000000000000000000000000000000000000000000003
30000000000000000000000000000000000000000000000000000000000000000000000000000000000000000000000000000000000000000000000000000003
30000000000000000000000000000000000000000000000000000000000000000000000000000000000000000000000000000000000000000000000000000003
30000000000000000000000000000000000000000000000000000000000000000000000000000000000000000000000000000000000000000000000000000003
30000000000000000000000000000000000000000000000000000000000000000000000000000000000000000000000000000000000000000000000000000003
30000000000000000000000000000000000000000000000000000000000000000000000000000000000000000000000000000000000000000000000000000003
30000000000000000000000000000000000000000000000000000000000000000000000000000000000000000000000000000000000000000000000000000003
30000000000000000000000000000000000000000000000000000000000000000000000000000000000000000000000000000000000000000000000000000003
30000000000000000000000000000000000000000000000000000000000000000000000000000000000000000000000000000000000000000000000000000003
30000000000000000000000000000000000000000000000000000000000000000000000000000000000000000000000000000000000000000000000000000003
30000000000000000000000000000000000000000000000000000000000000000000000000000000000000000000000000000000000000000000000000000003
30000000000000000000000000000000000000000000000000000000000000000000000000000000000000000000000000000000000000000000000000000003
30000000000000000000000000000000000000000000000000000000000000000000000000000000000000000000000000000000000000000000000000000003
30000000000000000000000000000000000000000000000000000000000000000000000000000000000000000000000000000000000000000000000000000003
30000000000000000000000000000000000000000000000000000000000000000000000000000000000000000000000000000000000000000000000000000003
30000000000000000000000000000000000000000000000000000000000000000000000000000000000000000000000000000000000000000000000000000003
30000000000000000000000000000000000000000000000000000000000000000000000000000000000000000000000000000000000000000000000000000003
30000000000000000000000000000000000000000000000000000000000000000000000000000000000000000000000000000000000000000000000000000003
30000000000000000000000000000000000000000000000000000000000000000000000000000000000000000000000000000000000000000000000000000003
30000000000000000000000000000000000000000000000000000000000000000000000000000000000000000000000000000000000000000000000000000003
30000000000000000000000000000000000000000000000000000000000000000000000000000000000000000000000000000000000000000000000000000003
30000000000000000000000000000000000000000000000000000000000000000000000000000000000000000000000000000000000000000000000000000003
30000000000000000000000000000000000000000000000000000000000000000000000000000000000000000000000000000000000000000000000000000003
30000000000000000000000000000000000000000000000000000000000000000000000000000000000000000000000000000000000000000000000000000003
30000000000000000000000000000000000000000000000000000000000000000000000000000000000000000000000000000000000000000000000000000003
30000000000000000000000000000000000000000000000000000000000000000000000000000000000000000000000000000000000000000000000000000003
30000000000000000000000000000000000000000000000000000000000000000000000000000000000000000000000000000000000000000000000000000003
30000000000000000000000000000000000000000000000000000000000000000000000000000000000000000000000000000000000000000000000000000003
30000000000000000000000000000000000000000000000000000000000000000000000000000000000000000000000000000000000000000000000000000003
30000000000000000000000000000000000000000000000000000000000000000000000000000000000000000000000000000000000000000000000000000003
30000000000000000000000000000000000000000000000000000000000000000000000000000000000000000000000000000000000000000000000000000003
30000000000000000000000000000000000000000000000000000000000000000000000000000000000000000000000000000000000000000000000000000003
30000000000000000000000000000000000000000000000000000000000000000000000000000000000000000000000000000000000000000000000000000003
30000000000000000000000000000000000000000000000000000000000000000000000000000000000000000000000000000000000000000000000000000003
30000000000000000000000000000000000000000000000000000000000000000000000000000000000000000000000000000000000000000000000000000003
30000000000000000000000000000000000000000000000000000000000000000000000000000000000000000000000000000000000000000000000000000003
30000000000000000000000000000000000000000000000000000000000000000000000000000000000000000000000000000000000000000000000000000003
30000000000000000000000000000000000000000000000000000000000000000000000000000000000000000000000000000000000000000000000000000003
30000000000000000000000000000000000000000000000000000000000000000000000000000000000000000000000000000000000000000000000000000003
30000000000000000000000000000000000000000000000000000000000000000000000000000000000000000000000000000000000000000000000000000003
30000000000000000000000000000000000000000000000000000000000000000000000000000000000000000000000000000000000000000000000000000003
30000000000000000000000000000000000000000000000000000000000000000000000000000000000000000000000000000000000000000000000000000003
30000000000000000000000000000000000000000000000000000000000000000000000000000000000000000000000000000000000000000000000000000003
30000000000000000000000000000000000000000000000000000000000000000000000000000000000000000000000000000000000000000000000000000003
30000000000000000000000000000000000000000000000000000000000000000000000000000000000000000000000000000000000000000000000000000003
30000000000000000000000000000000000000000000000000000000000000000000000000000000000000000000000000000000000000000000000000000003
30000000000000000000000000000000000000000000000000000000000000000000000000000000000000000000000000000000000000000000000000000003
30000000000000000000000000000000000000000000000000000000000000000000000000000000000000000000000000000000000000000000000000000003
30000000000000000000000000000000000000000000000000000000000000000000000000000000000000000000000000000000000000000000000000000003
30000000000000000000000000000000000000000000000000000000000000000000000000000000000000000000000000000000000000000000000000000003
30000000000000000000000000000000000000000000000000000000000000000000000000000000000000000000000000000000000000000000000000000003
30000000000000000000000000000000000000000000000000000000000000000000000000000000000000000000000000000000000000000000000000000003
30000000000000000000000000000000000000000000000000000000000000000000000000000000000000000000000000000000000000000000000000000003
30000000000000000000000000000000000000000000000000000000000000000000000000000000000000000000000000000000000000000000000000000003
30000000000000000000000000000000000000000000000000000000000000000000000000000000000000000000000000000000000000000000000000000003
30000000000000000000000000000000000000000000000000000000000000000000000000000000000000000000000000000000000000000000000000000003
30000000000000000000000000000000000000000000000000000000000000000000000000000000000000000000000000000000000000000000000000000003
30000000000000000000000000000000000000000000000000000000000000000000000000000000000000000000000000000000000000000000000000000003
30000000000000000000000000000000000000000000000000000000000000000000000000000000000000000000000000000000000000000000000000000003
30000000000000000000000000000000000000000000000000000000000000000000000000000000000000000000000000000000000000000000000000000003
30000000000000000000000000000000000000000000000000000000000000000000000000000000000000000000000000000000000000000000000000000003
30000000000000000000000000000000000000000000000000000000000000000000000000000000000000000000000000000000000000000000000000000003
30000000000000000000000000000000000000000000000000000000000000000000000000000000000000000000000000000000000000000000000000000003
30000000000000000000000000000000000000000000000000000000000000000000000000000000000000000000000000000000000000000000000000000003
30000000000000000000000000000000000000000000000000000000000000000000000000000000000000000000000000000000000000000000000000000003
30000000000000000000000000000000000000000000000000000000000000000000000000000000000000000000000000000000000000000000000000000003
30000000000000000000000000000000000000000000000000000000000000000000000000000000000000000000000000000000000000000000000000000003
30000000000000000000000000000000000000000000000000000000000000000000000000000000000000000000000000000000000000000000000000000003
30000000000000000000000000000000000000000000000000000000000000000000000000000000000000000000000000000000000000000000000000000003
30000000000000000000000000000000000000000000000000000000000000000000000000000000000000000000000000000000000000000000000000000003
30000000000000000000000000000000000000000000000000000000000000000000000000000000000000000000000000000000000000000000000000000003
30000000000000000000000000000000000000000000000000000000000000000000000000000000000000000000000000000000000000000000000000000003
30000000000000000000000000000000000000000000000000000000000000000000000000000000000000000000000000000000000000000000000000000003
30000000000000000000000000000000000000000000000000000000000000000000000000000000000000000000000000000000000000000000000000000003
30000000000000000000000000000000000000000000000000000000000000000000000000000000000000000000000000000000000000000000000000000003
30000000000000000000000000000000000000000000000000000000000000000000000000000000000000000000000000000000000000000000000000000003
30000000000000000000000000000000000000000000000000000000000000000000000000000000000000000000000000000000000000000000000000000003
30000000000000000000000000000000000000000000000000000000000000000000000000000000000000000000000000000000000000000000000000000003
30000000000000000000000000000000000000000000000000000000000000000000000000000000000000000000000000000000000000000000000000000003
30000000000000000000000000000000000000000000000000000000000000000000000000000000000000000000000000000000000000000000000000000003
30000000000000000000000000000000000000000000000000000000000000000000000000000000000000000000000000000000000000000000000000000003
30000000000000000000000000000000000000000000000000000000000000000000000000000000000000000000000000000000000000000000000000000003
30000000000000000000000000000000000000000000000000000000000000000000000000000000000000000000000000000000000000000000000000000003
30000000000000000000000000000000000000000000000000000000000000000000000000000000000000000000000000000000000000000000000000000003
30000000000000000000000000000000000000000000000000000000000000000000000000000000000000000000000000000000000000000000000000000003
33333333333333333333333333333333333333333333333333333333333333333333333333333333333333333333333333333333333333333333333333333333

